87049339 87049369 87050703 87052438 87052747 87053553 87053554 87053556 87053563 87053567 87053571 87053572 87053577 87053586 87053589 87053592 87053596 87053600 87053601 87053606 87053614 87053622 87053629 87053633 87053637 87053638 87055108 87055273 87055372 87056736 87056792 87058106 
87049087 87056745 87056795 87056823 
87049381 87049385 87049386 87049388 87051152 87051270 87051547 87052075 87052090 87052264 87052382 87052390 87052419 87052422 87052432 87052438 87052756 87053013 87053596 87053629 87053633 87053728 87053731 87054707 87054708 87054710 87055090 87055111 87055124 87055276 87056742 87056754 87056773 87056792 87056797 87057512 87057514 87057529 87057537 87057551 87057560 87057599 87057606 87057614 87057940 87058097 
87050917 87050918 87056797 87057513 87057547 87057970 
87049087 
87049090 87049092 87049093 87049098 87049100 87049101 87049310 87049353 87049458 87049466 87049587 87050064 87051270 87051563 87052103 87052106 87052386 87052416 87052450 87053565 87053571 87053579 87053607 87053619 87053648 87053662 87053722 87053731 87054708 87054736 87054739 87055111 87056463 87056738 87056748 87056753 87056754 87056767 87056773 87056792 87056793 87056795 87056796 87056807 87056818 87056821 87057537 87057555 87057601 87057612 87057948 87057966 87057974 87057976 87057977 87057980 87058097 87058102 
87049092 87049096 87049098 87049099 87049103 87049104 87049105 87049106 87049108 87049109 87049273 87049281 87049319 87049320 87049324 87049337 87049339 87049341 87049346 87049347 87049348 87049349 87049350 87049365 87049369 87049374 87049381 87049387 87049392 87049397 87049404 87049405 87049408 87049453 87049470 87049473 87049475 87049477 87049478 87049509 87049511 87049514 87049515 87049516 87049517 87049519 87049559 87049560 87049563 87049568 87049570 87049572 87049575 87049576 87049581 87049584 87049587 87049589 87050029 87050030 87050034 87050049 87050059 87050062 87050064 87050065 87050482 87050502 87050503 87050505 87050506 87050508 87050596 87050598 87050601 87050604 87050610 87050613 87050615 87050617 87050620 87050623 87050700 87050701 87050706 87050707 87050920 87050921 87050922 87050923 87050925 87051060 87051061 87051065 87051142 87051145 87051146 87051155 87051159 87051163 87051169 87051170 87051242 87051245 87051246 87051265 87051266 87051268 87051547 87051550 87052053 87052056 87052063 87052073 87052074 87052078 87052086 87052090 87052097 87052099 87052100 87052106 87052264 87052266 87052268 87052269 87052272 87052276 87052382 87052390 87052415 87052417 87052419 87052422 87052423 87052424 87052425 87052428 87052432 87052433 87052438 87052440 87052473 87052478 87052479 87052481 87052482 87052491 87052492 87052493 87052494 87052495 87052589 87052592 87052595 87052596 87052597 87052710 87052716 87052718 87052722 87052727 87052733 87052736 87052738 87052740 87052744 87052752 87052756 87052761 87052762 87052833 87052837 87052840 87052842 87052848 87052937 87053002 87053003 87053004 87053008 87053010 87053012 87053013 87053024 87053028 87053029 87053030 87053555 87053556 87053565 87053571 87053572 87053573 87053574 87053577 87053578 87053589 87053593 87053600 87053601 87053603 87053605 87053606 87053614 87053619 87053622 87053623 87053627 87053633 87053728 87053733 87054667 87054671 87054673 87054679 87054683 87054685 87054689 87054692 87054696 87054700 87054701 87054702 87054707 87054708 87054710 87054719 87054725 87054730 87054734 87054736 87054739 87054740 87055083 87055086 87055091 87055098 87055100 87055101 87055108 87055111 87055114 87055117 87055118 87055119 87055121 87055122 87055124 87055126 87055130 87055272 87055273 87055275 87055276 87055357 87055358 87055359 87055360 87055364 87056139 87056141 87056144 87056151 87056152 87056153 87056160 87056165 87056166 87056442 87056443 87056445 87056446 87056447 87056449 87056464 87056734 87056736 87056742 87056744 87056770 87056773 87056796 87056806 87056807 87056814 87056823 87056827 87057496 87057498 87057502 87057503 87057504 87057505 87057509 87057512 87057513 87057515 87057517 87057519 87057523 87057526 87057533 87057534 87057537 87057538 87057540 87057544 87057546 87057551 87057554 87057558 87057561 87057565 87057596 87057599 87057601 87057607 87057610 87057612 87057613 87057615 87057932 87057937 87057943 87057948 87057961 87057965 87057966 87057968 87057970 87057973 87057974 87057976 87057983 87058099 87058102 87058103 87058107 87058109 

87049369 87052078 87052103 87052432 87056153 87056822 87057612 
87049092 87049566 87052439 87052494 87053640 87054693 87054710 87054724 87056792 87057536 
87049087 87052099 87052494 87053642 87055773 87055775 
87049087 87049369 87051255 87052090 87052422 87052429 87053571 87053630 87055124 87055276 87056751 87057529 87057551 87057599 87057940 87058109 
87049092 87049300 87054736 87056160 87058099 
87049087 87049093 87049098 87049101 87050064 87050927 87051255 87052386 87052481 87053565 87053571 87053625 87053630 87055111 87056153 87056805 87057613 

87049087 87049090 87049093 87049098 87049100 87049369 87049408 87049589 87051240 87051253 87051254 87051270 87051547 87052073 87052096 87052390 87052438 87052440 87052442 87052756 87053013 87053731 87054724 87055111 87055372 87055772 87055774 87055776 87055782 87055787 87055793 87057977 
87049087 87049092 87049103 87049576 87049581 87049587 87050062 87050706 87050922 87051245 87051251 87052050 87052062 87052066 87052074 87052090 87052099 87052422 87052424 87052425 87052429 87052438 87052440 87052479 87052495 87053574 87053577 87053578 87053593 87053605 87053607 87053623 87053638 87053655 87053728 87054683 87055114 87055358 87055360 87056742 87056823 87057513 87057540 87057547 87057555 87057612 87057613 87057943 87057976 
87049090 87050703 87050917 87050918 87052386 87052427 87052436 87052450 87053553 87053571 87053579 87053648 87053722 87053731 87054708 87054739 87056754 87056767 87056773 87056792 87056797 87056807 87056821 87057513 87057537 87057547 87057607 87057612 87057952 87058097 
87049087 87049369 87050917 87050918 87051169 87051268 87052053 87052422 87052438 87053573 87053593 87057513 87057523 87057536 87057547 87057601 87057966 87057983 
87049092 87056747 
87052103 87052382 87052439 87052477 87052485 87053592 87053625 87053652 87053655 87056743 87056744 87056753 87056760 87056777 87056788 87056798 87056809 87056823 87057599 87057961 87058099 87058107 87058109 
87056747 87056793 
87049087 87052096 
87049103 87049339 87049369 87049408 87049587 87052066 87052078 87052099 87052422 87052429 87052438 87052440 87052481 87053556 87053573 87053577 87053578 87053593 87053596 87053603 87053607 87053625 87053638 87053728 87055360 87056153 87056742 87056805 87057537 87057547 87057555 87057562 87057612 87057970 87057976 
87049092 87049103 87049281 87049306 87049319 87049324 87049339 87049346 87049349 87049365 87049386 87049397 87050029 87050030 87050064 87050482 87050614 87050707 87051245 87051246 87051265 87052078 87052099 87052422 87052438 87052440 87052481 87053555 87053556 87053572 87053573 87053574 87053577 87053578 87053589 87053600 87053603 87053606 87053607 87053614 87053619 87053622 87053627 87053633 87053728 87055108 87055360 87056152 87056153 87056742 87057537 87057547 87057562 87057612 87057965 87057968 87057973 87057974 87057976 87058109 
87049087 87053573 87053603 87053622 
87049087 87049092 87049103 87049310 87049324 87049365 87049369 87049405 87049467 87049507 87049576 87049581 87049587 87050064 87050922 87051169 87051246 87051251 87051268 87051547 87052052 87052074 87052090 87052096 87052099 87052266 87052382 87052422 87052424 87052425 87052429 87052433 87052436 87052438 87052439 87052440 87052477 87052478 87052479 87052495 87052852 87053547 87053565 87053573 87053574 87053577 87053578 87053579 87053592 87053593 87053600 87053604 87053605 87053606 87053607 87053608 87053619 87053622 87053623 87053627 87053638 87053648 87053728 87053731 87054667 87054683 87054707 87054724 87054736 87054740 87055091 87055111 87055114 87055358 87055360 87056151 87056742 87056768 87056773 87056777 87056790 87056791 87056792 87056795 87056801 87056802 87056803 87056805 87056806 87057496 87057513 87057536 87057547 87057555 87057557 87057565 87057599 87057606 87057612 87057613 87057937 87057943 87057948 87057965 87057966 87057976 87058099 87058109 
87049103 87049306 87049369 87052066 87052422 87052429 87052438 87052440 87052750 87053573 87053577 87053578 87053603 87053607 87053622 87053638 87053728 87055360 87056742 87056792 87057547 87057555 87057612 87057976 
87049087 87049306 87052436 
87049093 87049098 87049100 87049101 87049408 87049457 87049458 87050064 87051169 87052066 87052075 87053565 87053600 87055111 87055117 87057599 87057965 87057970 
87049087 87049092 87049281 87049319 87049339 87049346 87049349 87049365 87049397 87050029 87050030 87050064 87050707 87051245 87051246 87051265 87052078 87052481 87052750 87053555 87053556 87053572 87053573 87053574 87053577 87053578 87053589 87053600 87053603 87053606 87053614 87053619 87053622 87053627 87053630 87053633 87056152 87056762 87056772 87056797 87056801 87056805 87057965 87057968 87057973 87057974 87058102 87058109 
87049087 87049088 87049089 87049092 87049101 87049102 87049105 87049273 87049324 87049365 87049369 87049408 87049457 87049458 87049468 87049508 87049509 87049589 87050061 87050492 87050507 87050594 87050596 87050597 87050701 87050706 87050709 87050921 87050925 87051165 87051169 87051240 87051241 87051245 87051246 87051247 87051249 87051251 87051253 87051254 87051258 87051259 87051261 87051265 87051268 87051547 87051560 87052046 87052058 87052059 87052060 87052061 87052062 87052073 87052075 87052078 87052099 87052264 87052269 87052272 87052276 87052382 87052390 87052416 87052421 87052422 87052424 87052425 87052427 87052432 87052433 87052436 87052443 87052446 87052477 87052478 87052481 87052491 87052494 87052495 87052747 87052756 87052759 87052840 87052852 87052937 87053010 87053016 87053018 87053024 87053547 87053553 87053570 87053571 87053573 87053577 87053578 87053579 87053592 87053600 87053608 87053622 87053623 87053627 87053731 87054683 87054691 87054692 87054709 87054724 87054736 87054739 87054740 87055085 87055086 87055087 87055091 87055094 87055111 87055360 87055363 87055364 87055365 87056151 87056152 87056153 87056791 87056795 87056806 87056822 87056826 87057515 87057517 87057519 87057537 87057540 87057544 87057545 87057552 87057560 87057562 87057565 87057594 87057596 87057605 87057606 87057607 87057609 87057612 87057616 87057951 87057952 87057966 87057970 87058099 87058102 87058104 87058109 
87049092 87050029 87050030 87050064 87050707 87051245 87051246 87051265 87052078 87052099 87053555 87053556 87053572 87053573 87053574 87053577 87053578 87053589 87053600 87053603 87053606 87053614 87053622 87053627 87053630 87053633 87054737 87055275 87056153 87056743 87056762 87056772 87056797 87056801 87056802 87056805 87057537 87057562 87057965 87057968 87057970 87057973 87057974 87058109 
87050703 87051169 87051249 87051261 87052062 87052442 87054736 87055111 87055365 87056801 87056828 87057517 87057552 87057940 87057951 
87049089 87049369 87051261 87052056 87052066 87052073 87052438 87053547 87053552 87053592 87053606 87053607 87053619 87053633 87053730 87056789 87056805 87057951 87057952 87057961 87057965 87057966 87057970 87058104 
87049339 
87049087 87049098 87049466 87049589 87052073 87052272 87052478 87052481 87053562 87053565 87053571 87053573 87053577 87053578 87053603 87053607 87053622 87053623 87053625 87053627 87053731 87054672 87054673 87054701 87054708 87056152 87056745 87056754 87056770 87056773 87056789 87056792 87056795 87056815 87056823 87057497 87057536 87057537 87057968 87057971 87058097 
87049087 87056745 87056795 87056823 
87049087 87049092 87049281 87049307 87049319 87049324 87049339 87049346 87049348 87049349 87049365 87049369 87049397 87049466 87049587 87050064 87051169 87051267 87052078 87052440 87052450 87052478 87052481 87053547 87053553 87053565 87053571 87053573 87053603 87053607 87053608 87053609 87053619 87053622 87053623 87053630 87053731 87054708 87055111 87056141 87056152 87056154 87056745 87056751 87056754 87056763 87056767 87056773 87056792 87056795 87056796 87056823 87057536 87057537 87057612 87057947 87057968 87057971 87057974 87058097 87058099 87058102 87058106 
87049103 87049300 87049341 87049369 87049381 87052050 87052090 87052266 87052382 87052422 87052429 87052433 87052438 87052439 87052440 87052481 87053565 87053573 87053577 87053578 87053603 87053607 87053614 87053625 87053638 87053728 87055091 87055108 87055124 87055276 87055360 87056153 87056742 87056768 87056805 87057529 87057547 87057551 87057555 87057599 87057612 87057976 
87049092 87049103 87049300 87049346 87051152 87052066 87052422 87052429 87052438 87052440 87053577 87053578 87053607 87053638 87053728 87055360 87056160 87056742 87057529 87057547 87057555 87057560 87057612 87057976 
87049099 87049319 87049341 87049346 87049369 87049507 87050482 87050491 87050503 87050506 87050618 87050709 87050922 87051169 87051245 87051253 87051255 87051547 87052060 87052075 87052078 87052086 87052103 87052106 87052386 87052390 87052423 87052477 87052479 87052480 87052717 87052723 87052724 87052730 87052735 87052736 87052739 87052742 87052747 87052937 87053004 87053013 87053029 87053728 87054683 87054702 87055090 87055111 87055272 87055273 87055358 87055360 87056151 87056166 87056742 87056743 87056744 87056760 87056762 87056763 87056772 87056791 87056797 87056801 87056805 87057498 87057503 87057517 87057536 87057540 87057553 87057562 87057607 87057613 87057952 87057966 87058104 87058106 
87049092 87049099 87049576 87049581 87049587 87049589 87050482 87050490 87050493 87050613 87050922 87051246 87051270 87051547 87052052 87052090 87052099 87052106 87052390 87052419 87052422 87052424 87052438 87052440 87052477 87052480 87052495 87052756 87053013 87053563 87053577 87053578 87053593 87053603 87053606 87053607 87053619 87053623 87053630 87053633 87053728 87053731 87055090 87055111 87055114 87055124 87055273 87055276 87055358 87056742 87056744 87056770 87056791 87057512 87057513 87057517 87057529 87057536 87057540 87057551 87057553 87057562 87057599 87057966 87058106 

87049092 87049099 87049576 87049581 87049587 87050482 87050709 87050922 87051169 87051547 87052074 87052090 87052099 87052106 87052423 87052424 87052477 87052479 87052480 87053556 87053573 87053574 87053593 87053603 87053604 87053605 87053609 87053622 87053623 87053728 87055090 87055111 87055114 87055273 87055358 87056736 87056742 87056743 87056744 87056760 87056762 87056772 87056791 87056797 87056801 87056805 87057513 87057517 87057536 87057540 87057553 87057562 87057613 87058106 
87053547 87053553 87053572 87053573 87053577 87053578 87053622 87053623 87056743 87056762 87056772 87056797 87056801 87056805 87058099 
87049087 87049369 87052073 87052087 87052276 87052423 87052436 87052442 87052840 87053577 87053586 87053622 87053728 87054683 87055130 87055364 87056743 87056747 87056820 87057557 87057976 
87049087 87049103 87049404 87051169 87051245 87051247 87051255 87052059 87052062 87052103 87052106 87052386 87052422 87052429 87052438 87052440 87053578 87053607 87053638 87053728 87055360 87055772 87055776 87055782 87055787 87055793 87056153 87056464 87056742 87057547 87057555 87057565 87057612 87057613 87057937 87057976 
87049090 87049092 87049099 87049100 87049369 87049397 87049404 87049408 87049457 87049458 87049466 87049467 87049507 87049508 87049584 87049589 87050062 87050064 87050482 87050594 87050596 87050703 87050709 87050922 87050924 87050926 87051063 87051169 87051240 87051245 87051246 87051247 87051253 87051254 87051255 87051259 87051261 87051265 87051270 87051547 87052055 87052056 87052058 87052059 87052060 87052062 87052063 87052064 87052066 87052067 87052086 87052090 87052103 87052106 87052264 87052266 87052269 87052272 87052273 87052274 87052276 87052386 87052389 87052415 87052416 87052419 87052420 87052421 87052422 87052423 87052427 87052429 87052431 87052432 87052436 87052440 87052442 87052443 87052446 87052450 87052477 87052479 87052480 87052481 87052482 87052736 87052745 87052746 87052759 87053019 87053547 87053555 87053556 87053565 87053567 87053570 87053571 87053572 87053573 87053574 87053577 87053578 87053586 87053589 87053592 87053593 87053596 87053600 87053601 87053605 87053606 87053607 87053609 87053614 87053622 87053623 87053625 87053627 87053629 87053633 87053637 87053642 87053645 87053648 87053652 87053662 87053723 87053728 87053730 87053732 87054673 87054683 87054685 87054688 87054693 87054701 87054702 87054704 87054707 87054708 87054710 87054734 87054735 87054736 87054737 87054740 87054745 87055083 87055089 87055090 87055091 87055092 87055094 87055111 87055124 87055273 87055275 87055276 87055357 87055358 87056152 87056736 87056738 87056739 87056740 87056742 87056743 87056744 87056745 87056747 87056751 87056756 87056760 87056762 87056763 87056764 87056767 87056770 87056772 87056773 87056776 87056788 87056789 87056791 87056792 87056793 87056795 87056796 87056797 87056801 87056802 87056805 87056807 87056808 87056815 87056818 87056820 87056821 87056822 87056823 87056824 87056826 87056828 87057496 87057497 87057498 87057514 87057517 87057529 87057536 87057540 87057543 87057549 87057551 87057552 87057553 87057554 87057558 87057560 87057561 87057562 87057565 87057599 87057606 87057607 87057609 87057610 87057613 87057615 87057616 87057932 87057937 87057946 87057947 87057951 87057965 87057966 87057968 87057970 87057971 87057973 87057974 87057975 87057976 87057977 87057980 87057983 87058102 87058104 87058106 87058109 
87049092 87049347 87049369 87050917 87050918 87051254 87051268 87052053 87052422 87052438 87052439 87052750 87053556 87053573 87053574 87053593 87053603 87053604 87053605 87053609 87053731 87054673 87056153 87056154 87056792 87057513 87057523 87057536 87057547 87057601 87057940 87057957 87057961 87057966 87057976 87057983 87058107 
87050703 87051169 87052075 
87049087 87049306 87050703 87051169 87051261 87052062 87052442 87054736 87055111 87056801 87056828 87057517 87057951 
87049087 87049099 87050922 87051547 87052106 87052422 87052477 87052480 87053625 87053728 87055090 87055111 87055273 87055361 87055770 87055773 87055776 87055779 87055783 87055784 87055787 87055789 87055795 87055797 87056742 87056744 87056791 87057517 87057536 87057540 87057553 87057562 87058106 
87049348 87049508 87049511 87049513 87052075 87052436 87052494 87053553 87053573 87053579 87053589 87053629 87053637 87054708 87054736 87056754 87056762 87056773 87056792 87057517 87057537 87057540 87057940 87057952 87058097 87058099 
87049087 87049092 87049296 87049313 87049360 87049365 87050029 87050030 87050064 87050707 87051169 87051245 87051246 87051265 87052266 87052382 87052433 87052438 87053555 87053556 87053563 87053565 87053570 87053572 87053573 87053574 87053577 87053578 87053589 87053593 87053600 87053603 87053606 87053614 87053622 87053627 87053633 87054683 87055091 87055111 87055117 87055275 87057517 87057940 87057965 87057968 87057973 87057974 87058109 
87049087 87049313 87052266 87052382 87052433 87052438 87052439 87053563 87053565 87053579 87053606 87053625 87053630 87053637 87055091 87056768 
87049087 87049587 87050613 87051169 87053571 87053579 87053593 87053606 87053630 87053637 87056153 
87049087 
87051169 87051251 87051261 87057607 
87049306 87049585 87051169 87052438 87052747 87053565 87053571 87053577 87053578 87053607 87053637 87054673 87055273 87055372 
87049092 87049093 87049096 87049098 87049099 87049100 87049103 87049104 87049105 87049106 87049108 87049109 87049273 87049296 87049300 87049310 87049313 87049319 87049320 87049324 87049337 87049341 87049347 87049348 87049350 87049360 87049365 87049374 87049381 87049387 87049392 87049404 87049405 87049408 87049453 87049468 87049470 87049473 87049475 87049477 87049478 87049508 87049509 87049511 87049512 87049513 87049514 87049515 87049516 87049517 87049519 87049559 87049560 87049563 87049566 87049568 87049569 87049570 87049572 87049575 87049576 87049581 87049584 87049587 87049589 87050034 87050049 87050059 87050062 87050064 87050065 87050482 87050492 87050493 87050502 87050503 87050505 87050506 87050508 87050596 87050598 87050601 87050604 87050610 87050613 87050615 87050617 87050620 87050623 87050700 87050701 87050706 87050709 87050917 87050919 87050920 87050921 87050922 87050923 87050925 87050927 87051060 87051061 87051063 87051065 87051142 87051145 87051146 87051155 87051159 87051163 87051169 87051170 87051242 87051247 87051255 87051265 87051266 87051268 87051270 87051271 87051547 87051550 87051559 87051563 87052046 87052052 87052055 87052056 87052062 87052063 87052069 87052073 87052074 87052075 87052078 87052086 87052090 87052096 87052097 87052099 87052100 87052103 87052106 87052264 87052268 87052269 87052272 87052276 87052386 87052390 87052415 87052416 87052417 87052419 87052422 87052423 87052424 87052425 87052428 87052429 87052432 87052436 87052437 87052438 87052440 87052443 87052446 87052450 87052473 87052478 87052479 87052481 87052482 87052485 87052491 87052492 87052493 87052494 87052495 87052589 87052592 87052595 87052596 87052597 87052710 87052711 87052715 87052716 87052717 87052718 87052720 87052721 87052722 87052723 87052727 87052732 87052733 87052736 87052738 87052739 87052740 87052744 87052745 87052746 87052747 87052749 87052752 87052755 87052756 87052761 87052762 87052833 87052837 87052840 87052842 87052843 87052848 87052937 87053002 87053003 87053004 87053008 87053010 87053012 87053013 87053024 87053028 87053029 87053030 87053562 87053563 87053570 87053571 87053574 87053592 87053593 87053605 87053606 87053619 87053623 87053630 87053638 87053655 87053728 87053730 87053733 87054667 87054671 87054679 87054683 87054685 87054689 87054692 87054696 87054700 87054702 87054707 87054708 87054710 87054719 87054725 87054730 87054734 87054736 87054739 87054740 87055083 87055086 87055091 87055098 87055100 87055101 87055108 87055111 87055114 87055117 87055118 87055119 87055121 87055122 87055124 87055126 87055130 87055272 87055273 87055275 87055276 87055357 87055358 87055359 87055360 87055364 87055774 87056139 87056141 87056144 87056151 87056153 87056160 87056165 87056166 87056442 87056443 87056445 87056446 87056447 87056449 87056464 87056734 87056736 87056742 87056743 87056744 87056745 87056748 87056751 87056770 87056772 87056773 87056792 87056795 87056796 87056806 87056807 87056809 87056814 87056822 87056823 87056826 87056827 87057496 87057498 87057502 87057503 87057504 87057505 87057506 87057509 87057512 87057513 87057515 87057517 87057519 87057526 87057529 87057530 87057533 87057534 87057537 87057538 87057540 87057544 87057546 87057551 87057552 87057554 87057561 87057562 87057565 87057596 87057599 87057601 87057605 87057606 87057607 87057610 87057612 87057613 87057615 87057932 87057937 87057943 87057948 87057957 87057961 87057965 87057966 87057970 87057973 87057975 87057976 87057983 87058102 87058103 87058107 
87050703 87051169 87051249 87051261 87052062 87052442 87053563 87054736 87055111 87056801 87056828 87057517 87057552 87057951 
87049369 87053606 
87050703 87051169 87051249 87051261 87052062 87052442 87053563 87053573 87053577 87053603 87053622 87054736 87055111 87056801 87056828 87057517 87057552 87057951 
87049585 87050703 87051169 87051261 87052062 87052438 87052442 87052481 87052747 87053563 87053565 87053578 87053607 87053625 87053637 87054673 87054736 87055111 87055273 87055372 87056153 87056801 87056805 87056828 87057517 87057951 
87049088 87049089 87049092 87049096 87049098 87049099 87049100 87049103 87049104 87049105 87049106 87049108 87049109 87049273 87049296 87049319 87049320 87049324 87049337 87049341 87049347 87049348 87049350 87049374 87049381 87049387 87049392 87049404 87049405 87049408 87049453 87049457 87049468 87049470 87049473 87049475 87049477 87049478 87049508 87049509 87049511 87049512 87049513 87049514 87049515 87049516 87049517 87049519 87049559 87049560 87049563 87049566 87049568 87049569 87049570 87049572 87049575 87049576 87049584 87049587 87049589 87050030 87050034 87050049 87050059 87050062 87050064 87050065 87050482 87050492 87050493 87050502 87050503 87050505 87050506 87050508 87050596 87050598 87050601 87050604 87050610 87050613 87050615 87050617 87050620 87050623 87050700 87050701 87050706 87050709 87050917 87050919 87050920 87050921 87050923 87050925 87050927 87051060 87051061 87051063 87051065 87051142 87051145 87051146 87051155 87051159 87051163 87051169 87051170 87051242 87051247 87051255 87051265 87051266 87051268 87051270 87051271 87051547 87051550 87051552 87051559 87051563 87052046 87052050 87052052 87052055 87052056 87052059 87052062 87052063 87052066 87052069 87052073 87052074 87052075 87052086 87052097 87052099 87052100 87052103 87052106 87052264 87052268 87052269 87052272 87052276 87052386 87052390 87052415 87052416 87052417 87052419 87052422 87052423 87052425 87052428 87052429 87052432 87052436 87052437 87052438 87052440 87052443 87052446 87052450 87052473 87052478 87052479 87052481 87052482 87052485 87052491 87052492 87052493 87052494 87052589 87052592 87052595 87052596 87052597 87052710 87052711 87052715 87052716 87052717 87052718 87052720 87052721 87052722 87052723 87052727 87052732 87052733 87052736 87052738 87052739 87052740 87052744 87052745 87052746 87052747 87052749 87052752 87052755 87052756 87052761 87052762 87052833 87052837 87052840 87052842 87052843 87052848 87052937 87053002 87053003 87053004 87053008 87053010 87053012 87053013 87053024 87053028 87053029 87053030 87053622 87053728 87053730 87053733 87054667 87054671 87054679 87054683 87054685 87054689 87054692 87054696 87054700 87054702 87054707 87054708 87054710 87054719 87054725 87054730 87054734 87054736 87054739 87054740 87055083 87055086 87055091 87055098 87055100 87055101 87055108 87055111 87055114 87055117 87055118 87055119 87055121 87055122 87055124 87055126 87055130 87055272 87055273 87055275 87055276 87055357 87055358 87055359 87055360 87055364 87056139 87056141 87056144 87056151 87056153 87056160 87056165 87056166 87056442 87056443 87056445 87056446 87056447 87056449 87056464 87056734 87056744 87056745 87056748 87056770 87056773 87056777 87056795 87056796 87056806 87056807 87056814 87056822 87056823 87056826 87056827 87057496 87057498 87057502 87057503 87057504 87057505 87057506 87057509 87057512 87057513 87057515 87057517 87057519 87057526 87057529 87057530 87057533 87057534 87057537 87057538 87057540 87057544 87057546 87057551 87057552 87057554 87057561 87057565 87057596 87057599 87057601 87057605 87057607 87057610 87057612 87057613 87057615 87057616 87057932 87057937 87057947 87057948 87057957 87057961 87057965 87057966 87057970 87057973 87057975 87057976 87057983 87058102 87058103 87058107 
87049092 87049096 87049098 87049099 87049100 87049103 87049104 87049105 87049106 87049108 87049109 87049273 87049296 87049319 87049320 87049324 87049337 87049341 87049347 87049348 87049350 87049374 87049381 87049387 87049392 87049404 87049405 87049408 87049453 87049468 87049470 87049473 87049475 87049477 87049478 87049508 87049509 87049511 87049512 87049513 87049514 87049515 87049516 87049517 87049519 87049559 87049560 87049563 87049566 87049568 87049569 87049570 87049572 87049575 87049576 87049581 87049584 87049587 87049589 87050034 87050049 87050059 87050062 87050064 87050065 87050482 87050492 87050493 87050502 87050503 87050505 87050506 87050508 87050596 87050598 87050601 87050604 87050610 87050613 87050615 87050617 87050620 87050623 87050700 87050701 87050706 87050709 87050917 87050919 87050920 87050921 87050922 87050923 87050925 87050927 87051060 87051061 87051063 87051065 87051142 87051145 87051146 87051155 87051159 87051163 87051169 87051170 87051242 87051247 87051255 87051265 87051266 87051268 87051270 87051271 87051547 87051550 87051559 87052046 87052052 87052055 87052056 87052062 87052063 87052069 87052073 87052074 87052075 87052086 87052090 87052097 87052099 87052100 87052103 87052106 87052264 87052268 87052269 87052272 87052276 87052386 87052390 87052415 87052416 87052417 87052419 87052422 87052423 87052424 87052425 87052428 87052429 87052432 87052436 87052437 87052438 87052440 87052443 87052446 87052450 87052473 87052478 87052479 87052481 87052482 87052485 87052491 87052492 87052493 87052494 87052495 87052589 87052592 87052595 87052596 87052597 87052710 87052711 87052715 87052716 87052717 87052718 87052720 87052721 87052722 87052723 87052727 87052732 87052733 87052736 87052738 87052739 87052740 87052744 87052745 87052746 87052747 87052749 87052752 87052755 87052756 87052761 87052762 87052833 87052837 87052840 87052842 87052843 87052848 87052937 87053002 87053003 87053004 87053008 87053010 87053012 87053013 87053024 87053028 87053029 87053030 87053574 87053593 87053605 87053623 87053655 87053728 87053730 87053733 87054667 87054671 87054679 87054683 87054685 87054689 87054692 87054696 87054700 87054702 87054707 87054708 87054710 87054719 87054725 87054730 87054734 87054736 87054739 87054740 87055083 87055086 87055091 87055092 87055098 87055100 87055101 87055108 87055111 87055114 87055117 87055118 87055119 87055121 87055122 87055124 87055126 87055130 87055272 87055273 87055275 87055276 87055357 87055358 87055359 87055360 87055364 87056139 87056141 87056144 87056151 87056153 87056160 87056165 87056166 87056442 87056443 87056445 87056446 87056447 87056449 87056464 87056734 87056742 87056744 87056745 87056748 87056770 87056773 87056795 87056796 87056806 87056807 87056809 87056814 87056822 87056823 87056826 87056827 87057496 87057498 87057502 87057503 87057504 87057505 87057506 87057509 87057512 87057513 87057515 87057517 87057519 87057526 87057529 87057530 87057533 87057534 87057537 87057538 87057540 87057544 87057546 87057551 87057552 87057554 87057561 87057565 87057596 87057599 87057601 87057605 87057607 87057610 87057612 87057613 87057615 87057932 87057937 87057943 87057948 87057957 87057961 87057965 87057966 87057970 87057973 87057975 87057976 87057983 87058102 87058103 87058107 87058109 
87053625 87057552 
87050918 87051255 87052386 87053593 87057552 87057613 
87049092 87050029 87050030 87050064 87050707 87051245 87051246 87051265 87053555 87053556 87053571 87053572 87053573 87053574 87053577 87053578 87053589 87053600 87053603 87053606 87053614 87053622 87053627 87053630 87053633 87056751 87057965 87057968 87057973 87057974 87058109 
87049369 87049576 87049581 87049587 87050703 87050922 87051169 87051261 87051268 87052053 87052074 87052090 87052099 87052422 87052423 87052424 87052436 87052438 87052442 87053547 87053552 87053553 87053563 87053571 87053573 87053577 87053578 87053586 87053593 87053606 87053607 87053619 87053622 87053623 87053728 87054708 87054736 87055111 87055114 87055358 87056742 87056754 87056773 87056792 87056801 87056820 87056828 87057513 87057517 87057523 87057537 87057601 87057951 87057952 87057961 87057965 87057966 87057983 87058097 87058099 87058104 
87049093 87049098 87049100 87049101 87049324 87049348 87049365 87049369 87049467 87049507 87049508 87049511 87049513 87050064 87051268 87051547 87052439 87052477 87052478 87052495 87053565 87053573 87053577 87053579 87053592 87053600 87053604 87053608 87053622 87053627 87053731 87054740 87055111 87056768 87056777 87056791 87056792 87056795 87056801 87056802 87056805 87056806 87057965 87057966 87058109 
87049092 87049093 87049098 87049100 87049101 87049369 87049408 87050064 87051255 87052386 87053565 87054724 87055111 87055372 87057613 87057977 
87049093 87049098 87049100 87049101 87049369 87049408 87050064 87053547 87053565 87054724 87055111 87055372 87057977 
87049092 87049093 87049098 87049101 87049103 87049369 87050064 87050613 87051255 87052066 87052073 87052386 87052422 87052429 87052432 87052438 87052439 87052440 87053565 87053578 87053607 87053638 87053642 87053728 87054707 87055111 87055360 87055774 87056152 87056742 87056789 87056803 87057547 87057555 87057612 87057613 87057976 
87049093 87049098 87049100 87049101 87049369 87049408 87050064 87050613 87051255 87052386 87052432 87052439 87053565 87054707 87054724 87055111 87055372 87056803 87057613 87057940 87057977 
87049087 87049088 87049089 87049092 87049093 87049098 87049101 87049102 87049105 87049273 87049369 87049402 87049404 87049408 87049457 87049458 87049468 87049508 87049509 87049517 87049589 87050061 87050064 87050492 87050507 87050594 87050596 87050597 87050701 87050706 87050709 87050921 87050925 87051165 87051169 87051240 87051241 87051245 87051246 87051247 87051249 87051251 87051253 87051254 87051258 87051259 87051261 87051265 87051268 87051547 87051560 87052046 87052058 87052059 87052060 87052061 87052062 87052073 87052075 87052264 87052269 87052272 87052276 87052382 87052390 87052416 87052421 87052422 87052424 87052425 87052427 87052432 87052433 87052436 87052443 87052446 87052481 87052491 87052495 87052747 87052756 87052759 87052840 87052852 87052937 87053010 87053016 87053018 87053024 87053565 87053731 87054683 87054691 87054692 87054709 87054724 87054736 87054739 87055085 87055086 87055087 87055091 87055094 87055111 87055360 87055363 87055364 87055365 87056151 87056152 87056822 87056826 87057514 87057515 87057517 87057519 87057538 87057540 87057544 87057545 87057552 87057560 87057565 87057594 87057596 87057601 87057605 87057606 87057607 87057609 87057612 87057616 87057940 87057951 87057952 87057970 87058104 
87049405 87050703 87052075 87052382 87052422 87052432 87053606 87054672 87056151 87056776 87057545 87057551 87057560 87057599 87057606 
87049087 87054707 87054714 87057547 
87049087 
87049103 87052106 87052382 87052425 87053570 87053593 87056736 
87049103 87049587 87051255 87051258 87051547 87052106 87052272 87052382 87052386 87052417 87052425 87053570 87053625 87054740 87056820 87057549 87057613 87057943 87057957 87057961 87057974 87058102 87058106 
87049098 87049369 87049408 87049512 87051153 87052058 87057551 87057554 87057940 87057969 
87053579 87053603 87053606 87053637 
87051169 87051246 87051249 87051251 87051255 87051261 87053579 87053606 87053637 87057607 
87049087 87049103 87049300 87049341 87049381 87051255 87051270 87051547 87052050 87052066 87052075 87052090 87052386 87052422 87052425 87052429 87052438 87052440 87053563 87053574 87053578 87053579 87053607 87053609 87053622 87053623 87053638 87053728 87054702 87055101 87055119 87055121 87055124 87055276 87055360 87056742 87056745 87056792 87056795 87056823 87057529 87057536 87057547 87057551 87057555 87057599 87057612 87057613 87057966 87057976 87057977 87058109 
87051169 87051246 87051249 87051251 87051255 87051261 87053579 87053606 87053637 87057607 
87049346 87049386 87050614 87053571 87053579 87053592 87053606 87053630 87053637 87056751 
87049087 87049088 87049089 87049092 87049101 87049102 87049105 87049273 87049336 87049341 87049369 87049408 87049457 87049458 87049468 87049508 87049509 87049564 87049589 87050034 87050061 87050482 87050492 87050505 87050507 87050594 87050596 87050597 87050605 87050623 87050701 87050706 87050709 87050921 87050925 87051165 87051169 87051240 87051241 87051245 87051246 87051247 87051249 87051251 87051253 87051254 87051258 87051259 87051261 87051265 87051267 87051268 87051547 87051560 87052046 87052055 87052058 87052059 87052060 87052061 87052062 87052073 87052075 87052264 87052269 87052272 87052276 87052382 87052390 87052416 87052421 87052422 87052424 87052425 87052427 87052431 87052432 87052433 87052436 87052442 87052443 87052446 87052481 87052491 87052495 87052724 87052747 87052756 87052759 87052840 87052852 87052937 87052938 87053003 87053010 87053016 87053018 87053019 87053024 87053606 87053728 87053731 87054673 87054683 87054691 87054692 87054701 87054709 87054724 87054734 87054736 87054739 87055085 87055086 87055087 87055090 87055091 87055094 87055101 87055108 87055111 87055357 87055358 87055359 87055360 87055363 87055364 87055365 87056151 87056152 87056165 87056742 87056744 87056801 87056822 87056824 87056826 87056828 87057515 87057517 87057519 87057526 87057540 87057544 87057545 87057552 87057556 87057557 87057560 87057565 87057594 87057596 87057605 87057606 87057607 87057609 87057611 87057612 87057613 87057614 87057615 87057616 87057947 87057951 87057952 87057969 87057970 87058102 87058104 
87053547 87053579 87053606 87053637 
87049087 87053579 87053606 87053637 

87049087 87049090 87049092 87049098 87049099 87049319 87049369 87049408 87049512 87049581 87049587 87049589 87050482 87050490 87050505 87050507 87050594 87050599 87050614 87050621 87050622 87050922 87051153 87051166 87051246 87051255 87051268 87051270 87051547 87052078 87052099 87052106 87052266 87052382 87052386 87052390 87052424 87052431 87052432 87052433 87052435 87052438 87052440 87052477 87052480 87052492 87052739 87052756 87052759 87052760 87052762 87052842 87053002 87053007 87053013 87053016 87053565 87053573 87053593 87053722 87053728 87053731 87054708 87055090 87055091 87055111 87055272 87055273 87055275 87055276 87055363 87056152 87056153 87056440 87056463 87056736 87056742 87056743 87056744 87056754 87056762 87056768 87056772 87056773 87056791 87056792 87056797 87056801 87056803 87056805 87056807 87056820 87057499 87057501 87057515 87057517 87057536 87057537 87057540 87057547 87057549 87057551 87057553 87057554 87057562 87057613 87057940 87057951 87057969 87057974 87058097 87058102 87058106 87058109 
87049093 87049098 87049100 87049101 87050064 87050918 87051255 87052386 87052432 87053565 87053571 87053630 87054707 87055111 87056751 87056803 87057613 
87049087 87052479 
87049092 87049099 87049369 87049576 87049581 87049587 87049589 87050062 87050482 87050706 87050709 87050922 87051169 87051547 87052066 87052074 87052090 87052099 87052103 87052106 87052423 87052424 87052425 87052477 87052479 87052480 87052495 87053573 87053574 87053593 87053601 87053605 87053623 87053625 87053655 87053728 87054683 87055090 87055111 87055114 87055273 87055358 87056736 87056742 87056744 87056760 87056768 87056770 87056791 87056796 87056822 87057498 87057513 87057517 87057536 87057540 87057553 87057554 87057562 87057613 87057943 87058102 87058106 
87049087 87049337 87049369 87052481 87052750 87053571 87053625 87054673 87054701 87056153 87056792 87056805 
87049092 87049096 87049098 87049099 87049100 87049103 87049104 87049105 87049106 87049108 87049109 87049273 87049296 87049319 87049320 87049324 87049337 87049339 87049341 87049347 87049348 87049350 87049374 87049381 87049387 87049392 87049404 87049405 87049408 87049453 87049468 87049470 87049473 87049475 87049477 87049478 87049508 87049509 87049511 87049512 87049513 87049514 87049515 87049516 87049517 87049519 87049559 87049560 87049563 87049566 87049568 87049569 87049570 87049572 87049575 87049576 87049581 87049584 87049587 87049589 87050034 87050049 87050059 87050062 87050064 87050065 87050482 87050492 87050493 87050502 87050503 87050505 87050506 87050508 87050596 87050598 87050601 87050604 87050610 87050613 87050615 87050617 87050620 87050623 87050700 87050701 87050706 87050709 87050917 87050919 87050920 87050921 87050922 87050923 87050925 87050927 87051060 87051061 87051063 87051065 87051142 87051145 87051146 87051155 87051159 87051163 87051169 87051170 87051242 87051246 87051247 87051251 87051255 87051265 87051266 87051268 87051271 87051547 87051550 87051559 87052046 87052052 87052055 87052056 87052062 87052063 87052069 87052073 87052074 87052075 87052086 87052090 87052097 87052099 87052100 87052103 87052106 87052264 87052266 87052268 87052269 87052272 87052276 87052382 87052386 87052390 87052415 87052416 87052417 87052419 87052422 87052423 87052424 87052425 87052428 87052429 87052432 87052433 87052436 87052437 87052438 87052439 87052440 87052443 87052446 87052450 87052473 87052478 87052479 87052481 87052482 87052485 87052491 87052492 87052493 87052494 87052495 87052589 87052592 87052595 87052596 87052597 87052710 87052711 87052715 87052716 87052717 87052718 87052720 87052721 87052722 87052723 87052727 87052732 87052733 87052736 87052738 87052739 87052740 87052744 87052745 87052746 87052747 87052749 87052752 87052755 87052756 87052761 87052762 87052833 87052837 87052840 87052842 87052843 87052848 87052937 87053002 87053003 87053004 87053008 87053010 87053012 87053013 87053024 87053028 87053029 87053030 87053563 87053565 87053574 87053586 87053593 87053605 87053623 87053642 87053655 87053728 87053730 87053733 87054667 87054671 87054679 87054683 87054685 87054689 87054692 87054696 87054700 87054702 87054707 87054708 87054710 87054719 87054725 87054730 87054734 87054736 87054739 87054740 87055083 87055086 87055091 87055098 87055100 87055101 87055108 87055111 87055114 87055117 87055118 87055119 87055121 87055122 87055124 87055126 87055130 87055272 87055273 87055275 87055276 87055357 87055358 87055359 87055360 87055364 87056139 87056141 87056144 87056151 87056153 87056160 87056165 87056166 87056442 87056443 87056445 87056446 87056447 87056449 87056464 87056734 87056736 87056742 87056744 87056745 87056748 87056768 87056770 87056773 87056795 87056796 87056806 87056807 87056809 87056814 87056823 87056826 87056827 87057496 87057498 87057502 87057503 87057504 87057505 87057506 87057509 87057512 87057513 87057515 87057517 87057519 87057526 87057529 87057530 87057533 87057534 87057537 87057538 87057540 87057544 87057546 87057551 87057552 87057554 87057561 87057565 87057596 87057599 87057601 87057605 87057607 87057610 87057612 87057613 87057615 87057932 87057937 87057943 87057948 87057957 87057961 87057965 87057966 87057970 87057973 87057975 87057976 87057983 87058102 87058103 87058107 
87049092 87049103 87049369 87051169 87052075 87052422 87052429 87052438 87052440 87052494 87052852 87053555 87053563 87053578 87053607 87053638 87053728 87055360 87056742 87057547 87057555 87057612 87057976 
87049093 87052073 87052096 87052099 87052442 87052494 87055773 87055774 87055775 
87049101 87049306 87050490 87052103 87052439 87052477 87053572 87053589 87053625 87053652 87053655 87055111 87056744 87056753 87056760 87056777 87056788 87056791 87056798 87056809 87056820 87056823 87057552 87057599 87057968 87058099 87058107 87058109 
87051249 87052425 
87049092 87049576 87049581 87049587 87050062 87050706 87050919 87050922 87051246 87051251 87051255 87052062 87052074 87052090 87052099 87052424 87052425 87052479 87052495 87053574 87053593 87053605 87053623 87053655 87053728 87054683 87055114 87055358 87056736 87056742 87056743 87056745 87056809 87056823 87057513 87057540 87057613 87057943 
87049313 87049369 87051169 87051249 87052423 87052436 87053555 87053556 87053563 87053573 87053574 87053577 87053586 87053593 87053600 87053603 87053604 87053605 87053609 87053614 87053622 87053627 87053728 87055111 87055364 87056743 87056747 87056820 87057599 87057965 87057975 87058106 
87052056 87052438 
87049089 87049092 87049281 87049307 87049319 87049324 87049339 87049346 87049349 87049365 87049369 87049397 87049587 87050034 87050064 87051261 87052066 87052078 87052481 87053552 87053592 87053593 87053606 87053607 87053619 87053633 87053730 87055361 87055770 87055773 87055776 87055779 87055783 87055784 87055787 87055789 87055795 87055797 87056141 87056152 87056154 87056773 87056789 87056796 87056805 87057937 87057951 87057952 87057961 87057965 87057966 87057970 87057976 87058102 87058104 
87049087 87049092 87049319 87049576 87049581 87049587 87050029 87050030 87050064 87050707 87050922 87051169 87051245 87051246 87051265 87052099 87052424 87052479 87052717 87052723 87052724 87052730 87052735 87052736 87052739 87052742 87052747 87053555 87053556 87053572 87053573 87053574 87053577 87053578 87053589 87053593 87053600 87053603 87053605 87053606 87053614 87053622 87053627 87053633 87053728 87054683 87055114 87055358 87056763 87056773 87057513 87057965 87057968 87057973 87057974 87058109 
87049087 87049103 87049369 87050490 87052066 87052422 87052425 87052429 87052436 87052438 87052440 87053577 87053578 87053607 87053638 87053728 87055275 87055360 87056742 87057496 87057547 87057555 87057612 87057976 

87050030 
87049092 87049369 87049576 87049581 87049587 87050062 87050922 87051246 87051265 87051560 87052059 87052073 87052074 87052090 87052099 87052276 87052423 87052424 87052436 87052438 87052479 87052495 87053555 87053565 87053574 87053577 87053586 87053593 87053605 87053623 87053652 87053655 87053728 87054672 87054683 87055114 87055357 87055358 87055364 87056742 87056743 87056747 87056763 87056776 87056820 87057513 87057537 87057557 87057608 87057613 87057943 87057971 
87049589 87052103 87052272 87053556 87053578 87053623 87053625 87053627 
87049096 87049098 87049099 87049103 87049104 87049105 87049106 87049108 87049109 87049273 87049296 87049306 87049319 87049320 87049324 87049337 87049341 87049347 87049348 87049350 87049369 87049374 87049381 87049387 87049392 87049404 87049405 87049408 87049453 87049468 87049470 87049473 87049475 87049477 87049478 87049508 87049509 87049511 87049512 87049513 87049514 87049515 87049516 87049517 87049519 87049559 87049560 87049563 87049568 87049569 87049570 87049572 87049575 87049576 87049584 87049587 87049589 87050034 87050049 87050059 87050062 87050064 87050065 87050482 87050492 87050493 87050502 87050503 87050505 87050506 87050508 87050596 87050598 87050601 87050604 87050610 87050613 87050615 87050617 87050620 87050623 87050700 87050701 87050706 87050709 87050920 87050921 87050923 87050925 87051060 87051061 87051063 87051065 87051142 87051145 87051146 87051155 87051159 87051163 87051169 87051170 87051242 87051247 87051255 87051258 87051266 87051268 87051271 87051547 87051550 87051559 87051563 87052046 87052052 87052055 87052056 87052062 87052063 87052066 87052069 87052073 87052074 87052075 87052086 87052097 87052099 87052100 87052103 87052106 87052264 87052268 87052269 87052272 87052276 87052386 87052390 87052415 87052417 87052419 87052422 87052423 87052425 87052428 87052429 87052432 87052436 87052437 87052438 87052439 87052440 87052446 87052450 87052473 87052478 87052479 87052481 87052482 87052485 87052491 87052492 87052493 87052494 87052589 87052592 87052595 87052596 87052597 87052710 87052715 87052716 87052717 87052718 87052720 87052722 87052723 87052727 87052733 87052736 87052738 87052739 87052740 87052744 87052745 87052747 87052749 87052752 87052755 87052756 87052761 87052762 87052833 87052837 87052840 87052842 87052843 87052848 87052937 87053002 87053003 87053004 87053008 87053010 87053012 87053013 87053024 87053028 87053029 87053030 87053555 87053596 87053605 87053728 87053730 87053732 87053733 87054667 87054671 87054679 87054683 87054685 87054689 87054692 87054696 87054700 87054702 87054707 87054708 87054710 87054719 87054725 87054730 87054734 87054736 87054739 87054740 87055083 87055086 87055091 87055098 87055100 87055101 87055108 87055111 87055114 87055117 87055118 87055119 87055121 87055122 87055124 87055126 87055130 87055272 87055273 87055275 87055276 87055357 87055358 87055359 87055360 87055364 87056139 87056141 87056144 87056151 87056153 87056160 87056165 87056166 87056442 87056443 87056445 87056446 87056447 87056449 87056464 87056734 87056744 87056745 87056770 87056773 87056789 87056795 87056806 87056807 87056814 87056820 87056823 87056826 87056827 87057496 87057498 87057502 87057503 87057504 87057505 87057506 87057509 87057512 87057513 87057515 87057517 87057519 87057526 87057529 87057533 87057534 87057537 87057538 87057540 87057543 87057544 87057546 87057549 87057551 87057553 87057554 87057560 87057561 87057565 87057596 87057599 87057601 87057605 87057607 87057610 87057612 87057613 87057615 87057932 87057937 87057943 87057947 87057948 87057957 87057961 87057965 87057966 87057970 87057973 87057974 87057975 87057976 87057983 87058102 87058103 87058106 87058107 
87049087 87053563 87056789 87056792 87056809 87057536 
87049087 87049092 87049099 87049369 87049507 87049589 87050482 87050709 87050922 87050927 87051169 87051254 87051547 87052059 87052103 87052106 87052423 87052425 87052436 87052477 87052480 87053556 87053571 87053573 87053600 87053601 87053622 87053623 87053625 87053627 87053728 87054673 87054701 87055090 87055111 87055273 87056736 87056742 87056744 87056755 87056760 87056770 87056791 87056796 87056822 87056826 87057498 87057517 87057536 87057540 87057553 87057554 87057562 87057971 87058102 87058106 
87049101 
87053625 87056792 87057536 
87049092 87049576 87049581 87049587 87049589 87050062 87050064 87050922 87052056 87052074 87052090 87052099 87052103 87052272 87052424 87052438 87052479 87052495 87052733 87052736 87052738 87052745 87052748 87053574 87053578 87053593 87053605 87053623 87053625 87053627 87053655 87053728 87054683 87055114 87055358 87056742 87056773 87057513 87057552 87057613 87057940 87057943 
87049296 87049307 87049337 87049348 87049387 87049391 87049392 87049395 87049396 87049397 87049585 87049589 87050701 87050918 87051169 87051267 87052046 87052075 87052078 87052086 87052092 87052103 87052266 87052440 87053563 87053573 87053578 87053593 87053603 87053607 87053608 87053609 87053619 87053623 87053630 87053637 87053728 87053733 87054679 87054701 87055111 87055273 87055275 87056736 87056740 87056742 87056763 87056767 87056773 87056777 87056788 87056827 87056828 87057517 87057601 87057974 87058099 87058102 87058106 
87053019 87056755 87056789 87056790 87056802 
87049101 87049306 87049313 87049319 87049369 87049374 87049467 87051169 87051547 87052052 87052055 87052062 87052073 87052075 87052078 87052086 87052103 87052438 87052479 87052481 87052717 87052723 87052724 87052730 87052735 87052736 87052739 87052742 87052747 87053018 87053019 87054672 87054683 87054701 87056747 87056748 87056760 87056763 87056770 87056777 87056779 87056788 87056789 87056790 87056791 87056805 87056807 87056815 87056822 87057970 
87049347 87049369 87049404 87049470 87049589 87052266 87052272 87052382 87052433 87052438 87052439 87052481 87053552 87053565 87053573 87053578 87053586 87053603 87053606 87053607 87053619 87053622 87053623 87053625 87053627 87053630 87053731 87055091 87055361 87055770 87055773 87055776 87055779 87055783 87055784 87055787 87055789 87055795 87055797 87056153 87056154 87056464 87056743 87056762 87056768 87056772 87056797 87056801 87056805 87057951 87057952 87057957 87057961 87057965 87057966 87057976 87058104 87058107 
87049090 87049092 87049100 87049369 87049397 87049404 87049408 87049457 87049458 87049466 87049467 87049508 87049584 87049589 87050062 87050594 87050596 87050703 87050924 87050926 87051063 87051154 87051240 87051245 87051246 87051247 87051249 87051253 87051259 87051261 87051265 87052055 87052056 87052058 87052059 87052060 87052061 87052062 87052063 87052064 87052066 87052067 87052086 87052103 87052106 87052264 87052266 87052269 87052272 87052273 87052274 87052276 87052382 87052386 87052389 87052415 87052416 87052419 87052420 87052421 87052422 87052423 87052427 87052429 87052431 87052432 87052436 87052440 87052442 87052443 87052446 87052450 87052479 87052480 87052481 87052482 87052485 87052736 87052745 87052746 87052759 87053019 87053547 87053553 87053555 87053556 87053565 87053567 87053570 87053571 87053572 87053573 87053577 87053578 87053586 87053589 87053592 87053593 87053596 87053600 87053601 87053606 87053607 87053609 87053614 87053622 87053625 87053627 87053629 87053633 87053637 87053642 87053645 87053648 87053652 87053662 87053723 87053730 87053732 87054673 87054683 87054685 87054688 87054693 87054701 87054702 87054704 87054707 87054708 87054710 87054734 87054735 87054736 87054737 87054739 87054740 87054745 87055083 87055089 87055091 87055092 87055094 87055111 87055273 87055275 87055357 87055358 87056152 87056738 87056739 87056740 87056743 87056744 87056745 87056747 87056751 87056756 87056760 87056762 87056763 87056764 87056767 87056770 87056772 87056773 87056776 87056788 87056789 87056790 87056791 87056792 87056793 87056795 87056796 87056797 87056798 87056801 87056802 87056805 87056807 87056808 87056815 87056818 87056820 87056821 87056822 87056823 87056824 87056826 87056828 87057496 87057497 87057498 87057517 87057536 87057543 87057549 87057551 87057552 87057553 87057554 87057558 87057560 87057561 87057565 87057599 87057606 87057607 87057609 87057610 87057613 87057615 87057616 87057932 87057937 87057946 87057947 87057951 87057965 87057966 87057968 87057970 87057971 87057973 87057974 87057975 87057976 87057977 87057980 87057983 87058104 87058109 
87049092 87049098 87049281 87049307 87049319 87049324 87049339 87049346 87049349 87049365 87049397 87049587 87050064 87052078 87052481 87053556 87053571 87053573 87053574 87053593 87053603 87053604 87053605 87053609 87053619 87053630 87056141 87056152 87056154 87056751 87056789 87056796 87057552 87057975 87058102 
87049087 87049090 87051169 87051240 87051253 87051270 87051547 87052390 87052438 87052440 87052756 87053013 87053593 87053731 87055111 
87049092 87049096 87049099 87049100 87049101 87049102 87049103 87049361 87049566 87049569 87049571 87049572 87049579 87050498 87050505 87050597 87050598 87050599 87050612 87050706 87050919 87050927 87051063 87051247 87051251 87051255 87051261 87051265 87051271 87052050 87052422 87052424 87052425 87052427 87052429 87052433 87052436 87052437 87052446 87052477 87052494 87052711 87052717 87052728 87052731 87052733 87052735 87052740 87052744 87052749 87052750 87052752 87053023 87053028 87053556 87053570 87053571 87053573 87053574 87053603 87053604 87053605 87053609 87053623 87053730 87054673 87054683 87054692 87054701 87055094 87055101 87055119 87055121 87056441 87056736 87056753 87056767 87056795 87057512 87057513 87057517 87057529 87057536 87057537 87057538 87057544 87057547 87057562 87057565 87057606 87057975 87058102 87058109 
87051255 87051270 87052090 87052386 87052422 87052429 87055124 87055276 87057529 87057551 87057599 87057613 87058109 
87053563 
87049090 87049092 87049346 87050703 87051152 87052386 87052419 87052427 87052436 87052450 87053553 87053571 87053579 87053648 87053722 87053730 87053731 87054708 87054739 87056754 87056767 87056773 87056789 87056792 87056797 87056807 87056821 87057512 87057529 87057537 87057560 87057607 87057612 87057952 87058097 
87049093 87049098 87049100 87049101 87049103 87049271 87049300 87049381 87049405 87049516 87050064 87050490 87051268 87052053 87052066 87052090 87052266 87052421 87052422 87052425 87052432 87052438 87052439 87052440 87053003 87053010 87053552 87053565 87053578 87053593 87053607 87053619 87053638 87053728 87054673 87054736 87055101 87055111 87055119 87055121 87055360 87056151 87056160 87056736 87056742 87056763 87056767 87056773 87056777 87056795 87056828 87057523 87057536 87057537 87057547 87057555 87057599 87057601 87057606 87057612 87057966 87057976 87057983 
87049090 87049092 87049100 87049339 87049369 87049397 87049404 87049408 87049457 87049458 87049466 87049467 87049508 87049584 87049589 87050062 87050594 87050596 87050703 87050924 87050926 87051063 87051240 87051245 87051246 87051247 87051253 87051259 87051261 87051265 87052055 87052056 87052058 87052060 87052061 87052062 87052063 87052064 87052066 87052067 87052086 87052103 87052106 87052264 87052266 87052269 87052272 87052273 87052274 87052276 87052386 87052389 87052415 87052416 87052419 87052420 87052421 87052422 87052423 87052425 87052427 87052429 87052431 87052432 87052436 87052440 87052442 87052443 87052446 87052450 87052479 87052480 87052481 87052482 87052485 87052736 87052745 87052746 87052759 87053019 87053547 87053553 87053555 87053556 87053562 87053565 87053567 87053570 87053571 87053572 87053573 87053577 87053578 87053586 87053589 87053592 87053593 87053596 87053600 87053601 87053603 87053606 87053607 87053609 87053614 87053622 87053625 87053629 87053633 87053637 87053642 87053645 87053648 87053652 87053662 87053723 87053730 87053732 87054673 87054683 87054685 87054688 87054693 87054701 87054702 87054704 87054707 87054708 87054710 87054734 87054735 87054736 87054737 87054739 87054740 87054745 87055083 87055089 87055091 87055092 87055094 87055111 87055273 87055275 87055357 87055358 87056152 87056736 87056738 87056739 87056740 87056743 87056744 87056745 87056747 87056751 87056755 87056756 87056760 87056762 87056763 87056764 87056767 87056770 87056772 87056773 87056776 87056788 87056789 87056790 87056791 87056792 87056793 87056795 87056796 87056797 87056801 87056802 87056805 87056807 87056808 87056815 87056818 87056820 87056821 87056822 87056823 87056824 87056826 87056828 87057496 87057497 87057498 87057517 87057536 87057543 87057549 87057551 87057552 87057553 87057554 87057558 87057560 87057561 87057565 87057599 87057606 87057607 87057609 87057610 87057613 87057615 87057616 87057932 87057937 87057946 87057947 87057951 87057965 87057966 87057968 87057970 87057971 87057973 87057974 87057975 87057976 87057977 87057980 87057983 87058104 87058109 
87049087 87049369 87049576 87049581 87049587 87050922 87052074 87052090 87052099 87052422 87052424 87052477 87053563 87053570 87053571 87053593 87053601 87053603 87053605 87053608 87053623 87053728 87054679 87054735 87055114 87055358 87056153 87056742 87056795 87057513 87057612 87057613 87057943 87058102 87058109 
87050030 87050064 87050703 87053567 87053574 87053578 87053605 87056773 
87049339 87052075 87053573 87053574 87053579 87053603 87053609 87053623 87054702 87057560 
87050059 87051249 87051254 87052415 87052425 87053601 87053605 87053728 87054707 87054739 87055111 87056464 87056762 87056807 87056808 87057517 87057543 
87049339 
87049087 87049093 87049296 87049300 87049313 87049360 87049365 87051245 87052073 87052266 87052382 87052433 87052438 87052439 87053562 87053563 87053565 87053570 87053586 87053593 87053606 87053619 87053638 87054683 87055091 87055111 87055275 87055774 87056768 87057517 
87049098 87049369 87051245 87053573 87053603 87054683 87056152 87056153 87056745 87056789 87056792 87056795 87056823 87057536 87057612 
87049369 87053573 87053625 
87049087 87049589 87052103 87052272 87053578 87053623 87053625 87053627 
87049090 87049093 87049348 87052073 87052386 87052427 87052436 87052442 87052450 87053553 87053571 87053579 87053648 87053722 87053731 87054672 87054708 87054739 87055774 87056754 87056767 87056773 87056776 87056792 87056807 87056821 87057537 87057607 87057612 87057952 87058097 
87049087 87049092 87049307 87049337 87049348 87049369 87049387 87049391 87049392 87049395 87049396 87049397 87049585 87049589 87050701 87051169 87051267 87052046 87052066 87052073 87052075 87052078 87052086 87052087 87052092 87052096 87052099 87052103 87052266 87052276 87052438 87052440 87052442 87052494 87052724 87052840 87053563 87053578 87053603 87053607 87053619 87053623 87053630 87053637 87053728 87053733 87054679 87054683 87054701 87055111 87055273 87055275 87055773 87055775 87056736 87056742 87056763 87056767 87056773 87056827 87056828 87057517 87057557 87057601 87057970 87057974 87058099 87058102 87058106 
87049589 87052103 87052272 87053556 87053573 87053577 87053578 87053603 87053622 87053623 87053625 87053627 
87049101 87051258 87051261 87051268 87051547 87052046 87052056 87052272 87052417 87052436 87052438 87052450 87054683 87054710 87054736 87054740 87055117 87055275 87055357 87056820 87057517 87057540 87057549 87057558 87057605 87057613 87057937 87057943 87057947 87057952 87057957 87057961 87057974 87058099 87058102 87058106 87058109 
87049087 87049348 87052056 87052266 87052382 87052433 87052436 87052438 87052439 87053565 87055091 87056762 87056768 87057517 87057540 87057940 
87049092 87049101 87049347 87049369 87050701 87052052 87052055 87052090 87052422 87052478 87053018 87053019 87053600 87053603 87053727 87053731 87054672 87054736 87055124 87055276 87056151 87056153 87056154 87056777 87056789 87056790 87057529 87057551 87057599 87057957 87057961 87058107 
87049099 87049324 87049365 87049369 87049585 87050482 87050709 87050922 87051169 87051246 87051249 87051251 87051255 87051261 87051268 87051270 87051547 87052073 87052078 87052090 87052099 87052106 87052422 87052425 87052436 87052477 87052478 87052480 87052481 87052495 87053547 87053555 87053556 87053565 87053570 87053571 87053573 87053577 87053578 87053579 87053592 87053593 87053600 87053604 87053607 87053608 87053622 87053623 87053627 87053637 87053728 87053731 87054672 87054673 87054683 87054701 87054708 87054740 87055090 87055111 87055273 87056153 87056736 87056742 87056744 87056745 87056754 87056760 87056767 87056768 87056770 87056772 87056773 87056777 87056791 87056792 87056795 87056801 87056802 87056805 87056806 87057517 87057536 87057537 87057540 87057553 87057562 87057601 87057607 87057609 87057965 87057966 87058097 87058102 87058106 87058109 
87049103 87050034 87051254 87052066 87052074 87052422 87052429 87052438 87052440 87053577 87053578 87053607 87053638 87053728 87055360 87056742 87057547 87057555 87057612 87057976 
87049093 87049098 87049100 87049101 87049295 87049507 87050064 87051169 87051246 87051251 87051265 87051547 87052059 87052066 87052074 87052479 87053565 87053577 87053593 87053648 87054667 87054683 87054693 87054701 87054704 87054707 87054724 87054734 87054735 87055111 87056803 87057496 87057536 87057557 87057560 87057565 87057937 87057970 
87049092 87049281 87049307 87049319 87049324 87049339 87049346 87049349 87049365 87049369 87049397 87049587 87050064 87051169 87051268 87051270 87051547 87052078 87052086 87052099 87052103 87052477 87052478 87052481 87052495 87053556 87053571 87053573 87053579 87053592 87053600 87053608 87053619 87053622 87053627 87053731 87054740 87055111 87056141 87056152 87056153 87056154 87056768 87056772 87056777 87056790 87056791 87056792 87056795 87056796 87056801 87056802 87056805 87056806 87056807 87057537 87057562 87057937 87057965 87057966 87058102 87058109 
87049092 87049102 87050703 87050918 87051169 87051249 87051261 87052046 87052055 87052058 87052062 87052067 87052442 87054707 87054736 87055111 87055358 87056801 87056828 87057517 87057552 87057560 87057951 
87049470 87051270 87052422 87052477 87053570 87053571 87053578 87053619 87053623 87054683 87055092 87056767 87056792 87056795 87056809 87057536 87057613 87057965 87057976 87058102 87058109 
87049087 87049369 87049576 87049581 87049587 87050922 87050927 87052074 87052090 87052099 87052424 87052479 87052495 87053573 87053574 87053589 87053593 87053605 87053623 87053629 87053728 87055114 87055358 87056742 87057513 87057613 87057943 
87049339 87049369 87055124 

87049369 87052422 87052437 87054683 87054707 87056797 87057556 87057599 87057940 
87049089 87049090 87049369 87049589 87051261 87052090 87052103 87052272 87052386 87052422 87052450 87052750 87053547 87053552 87053578 87053579 87053592 87053606 87053607 87053619 87053623 87053625 87053627 87053633 87053722 87053730 87053731 87054708 87054739 87055124 87055276 87056754 87056773 87056789 87056792 87056805 87056807 87057529 87057536 87057537 87057551 87057599 87057612 87057951 87057952 87057961 87057965 87057966 87058097 87058104 87058109 
87049092 87049324 87049365 87049369 87049507 87049576 87049581 87049587 87050062 87050922 87051169 87051246 87051251 87051265 87051268 87051547 87052074 87052090 87052099 87052424 87052432 87052477 87052478 87052479 87052495 87052750 87053547 87053565 87053573 87053574 87053577 87053578 87053579 87053592 87053593 87053600 87053604 87053605 87053608 87053622 87053623 87053627 87053648 87053655 87053728 87053731 87054667 87054683 87054693 87054707 87054724 87054740 87055111 87055114 87055358 87056742 87056755 87056768 87056777 87056791 87056792 87056795 87056801 87056802 87056803 87056805 87056806 87057496 87057513 87057536 87057540 87057557 87057565 87057613 87057937 87057943 87057965 87057966 87058109 
87049087 87049092 87049093 87049099 87049103 87049324 87049365 87049369 87049405 87049587 87050482 87050709 87050922 87051255 87051268 87051270 87051547 87052073 87052090 87052106 87052386 87052422 87052423 87052429 87052436 87052438 87052440 87052450 87052477 87052478 87052480 87053573 87053577 87053578 87053579 87053592 87053600 87053601 87053607 87053608 87053622 87053625 87053627 87053638 87053728 87053731 87054708 87054740 87055090 87055111 87055117 87055124 87055273 87055276 87055360 87055774 87056151 87056742 87056744 87056754 87056760 87056768 87056773 87056791 87056792 87056796 87056802 87056806 87057517 87057529 87057536 87057537 87057540 87057547 87057551 87057553 87057555 87057562 87057599 87057606 87057612 87057613 87057966 87057976 87058097 87058106 87058109 
87049087 87049088 87049089 87049092 87049093 87049101 87049102 87049105 87049107 87049273 87049369 87049408 87049457 87049458 87049468 87049508 87049509 87049589 87050061 87050492 87050507 87050594 87050596 87050597 87050701 87050706 87050709 87050921 87050925 87051165 87051169 87051240 87051241 87051245 87051246 87051247 87051249 87051251 87051253 87051254 87051258 87051259 87051261 87051265 87051268 87051547 87051560 87052046 87052058 87052059 87052060 87052061 87052062 87052073 87052075 87052087 87052096 87052264 87052269 87052272 87052276 87052382 87052390 87052416 87052421 87052422 87052424 87052425 87052427 87052432 87052433 87052436 87052443 87052446 87052481 87052491 87052495 87052747 87052756 87052759 87052840 87052852 87052937 87053010 87053016 87053018 87053024 87053731 87054683 87054691 87054692 87054709 87054724 87054736 87054739 87055085 87055086 87055087 87055091 87055094 87055111 87055360 87055363 87055364 87055365 87056151 87056152 87056822 87056826 87057515 87057517 87057519 87057540 87057544 87057545 87057552 87057560 87057565 87057594 87057596 87057605 87057606 87057607 87057609 87057612 87057616 87057951 87057952 87057970 87058104 
87049087 87049088 87049089 87049092 87049101 87049102 87049103 87049105 87049273 87049369 87049386 87049404 87049408 87049457 87049458 87049468 87049508 87049509 87049589 87050061 87050492 87050507 87050594 87050596 87050597 87050701 87050706 87050709 87050921 87050925 87051165 87051169 87051240 87051241 87051245 87051246 87051247 87051249 87051251 87051253 87051254 87051258 87051259 87051261 87051265 87051268 87051547 87051560 87052046 87052058 87052059 87052060 87052061 87052062 87052066 87052073 87052075 87052087 87052099 87052264 87052269 87052272 87052276 87052382 87052390 87052416 87052421 87052422 87052424 87052425 87052427 87052429 87052432 87052433 87052436 87052438 87052440 87052443 87052446 87052481 87052491 87052494 87052495 87052747 87052756 87052759 87052840 87052852 87052937 87053010 87053016 87053018 87053024 87053577 87053578 87053607 87053638 87053728 87053731 87054683 87054691 87054692 87054709 87054724 87054736 87054739 87055085 87055086 87055087 87055091 87055094 87055111 87055360 87055363 87055364 87055365 87055772 87055773 87055775 87055776 87055782 87055787 87055793 87056151 87056152 87056153 87056464 87056742 87056822 87056826 87057515 87057517 87057519 87057540 87057544 87057545 87057547 87057552 87057555 87057560 87057565 87057594 87057596 87057605 87057606 87057607 87057609 87057612 87057616 87057951 87057952 87057970 87057976 87058104 
87049087 87051547 87052075 87052099 87052494 87054672 87055772 87055773 87055775 87055776 87055782 87055787 87055793 87056776 
87049103 87049300 87051246 87052066 87052266 87052382 87052422 87052429 87052433 87052438 87052439 87052440 87053563 87053565 87053577 87053578 87053586 87053607 87053638 87053642 87053728 87054672 87055091 87055360 87055361 87055770 87055773 87055776 87055779 87055783 87055784 87055787 87055789 87055795 87055797 87056160 87056742 87056768 87056776 87057547 87057555 87057612 87057976 
87049405 87051169 87051251 87051261 87053003 87053563 87056151 87056777 87056806 87057537 87057599 87057606 87057607 87057966 
87054736 87058099 

87049087 87049296 87049300 87049304 87049310 87049313 87049348 87049507 87051169 87051245 87051246 87051251 87051261 87051265 87051547 87051550 87051552 87051559 87051560 87051563 87052046 87052050 87052052 87052055 87052059 87052063 87052064 87052066 87052069 87052086 87053565 87053577 87053606 87053648 87054667 87054683 87054693 87054707 87054724 87056803 87057496 87057536 87057557 87057565 87057937 
87049087 87049092 87050921 87052096 87052446 87055361 87055766 87055768 87055770 87055772 87055773 87055774 87055775 87055776 87055778 87055779 87055780 87055782 87055783 87055784 87055785 87055786 87055787 87055789 87055790 87055791 87055793 87055795 87055797 

87049087 87049306 87049576 87049581 87049587 87050703 87050922 87051169 87051261 87052062 87052074 87052090 87052099 87052424 87052442 87052479 87052495 87053563 87053573 87053574 87053593 87053603 87053605 87053623 87053728 87054736 87055111 87055114 87055358 87056742 87056801 87056828 87057513 87057517 87057613 87057943 
87049306 
87049092 87049099 87049339 87049369 87050029 87050030 87050064 87050707 87051245 87051246 87051265 87051547 87052106 87052428 87052436 87052437 87052477 87052480 87053547 87053555 87053556 87053572 87053573 87053574 87053577 87053578 87053589 87053600 87053603 87053606 87053607 87053614 87053622 87053623 87053627 87053633 87053728 87055090 87055111 87055273 87055358 87056744 87056762 87057517 87057540 87057560 87057965 87057968 87057973 87057974 87058109 
87049092 87049103 87049576 87049581 87049587 87050062 87050490 87050706 87050922 87051169 87052074 87052090 87052099 87052422 87052424 87052438 87052440 87052479 87052481 87052495 87053003 87053574 87053577 87053578 87053593 87053603 87053605 87053607 87053622 87053623 87053625 87053638 87053655 87053728 87054683 87054710 87055114 87055117 87055275 87055357 87055358 87055360 87056153 87056742 87056805 87057513 87057517 87057537 87057540 87057547 87057552 87057555 87057558 87057612 87057613 87057943 87057966 87057976 
87049092 87049369 87049576 87049581 87049587 87050062 87050703 87050706 87050919 87050922 87051169 87051251 87051255 87051261 87052062 87052074 87052090 87052099 87052424 87052425 87052442 87052479 87052495 87053556 87053563 87053573 87053574 87053593 87053603 87053604 87053605 87053609 87053622 87053623 87053655 87053728 87054683 87054736 87055111 87055114 87055358 87056736 87056742 87056801 87056823 87056828 87057513 87057517 87057540 87057552 87057613 87057943 87057951 87057970 87057975 
87049319 87053573 87053577 87053603 87053622 
87049092 87049306 87049576 87049581 87049587 87050062 87050703 87050706 87050919 87050922 87051169 87051249 87051251 87051255 87051261 87052062 87052074 87052090 87052099 87052424 87052425 87052442 87052479 87052495 87053573 87053574 87053577 87053593 87053603 87053605 87053622 87053623 87053655 87053728 87054683 87054736 87055111 87055114 87055358 87056736 87056742 87056801 87056823 87056828 87057513 87057517 87057540 87057552 87057613 87057943 87057951 
87051169 87051245 87053573 87053577 87053603 87053622 
87049093 87049098 87049101 87049339 87050064 87050482 87051268 87051270 87052075 87052078 87052086 87052099 87052264 87052494 87053563 87053565 87053593 87053596 87053607 87053629 87053633 87053728 87055090 87055111 87056153 87056736 87056742 87056772 87057537 87057562 87057614 
87050703 87051169 87051249 87051261 87052062 87052442 87053622 87054736 87055111 87056801 87056828 87057517 87057552 87057951 
87050703 87050918 87051169 87051249 87051261 87052055 87052058 87052062 87052067 87052442 87053573 87053577 87053603 87053622 87054736 87055111 87056801 87056828 87057517 87057552 87057951 
87049093 87049098 87049296 87049304 87049310 87049313 87049348 87050064 87051241 87051559 87051560 87051563 87052046 87052052 87052055 87052056 87052063 87052064 87052067 87052069 87052086 87052481 87053565 87053593 87054672 87054701 87054708 87055111 87056743 87056754 87056762 87056772 87056773 87056792 87056797 87056801 87056805 87057537 87058097 
87049087 87051271 87052090 87052266 87052756 87053593 87053637 87053638 87053655 87057609 
87049092 87049310 87049353 87049369 87049458 87049466 87049587 87050921 87051270 87052103 87052106 87052416 87052481 87052750 87053607 87053619 87053625 87053648 87053662 87053731 87054736 87056153 87056463 87056738 87056745 87056748 87056753 87056792 87056793 87056795 87056796 87056805 87056818 87056821 87056823 87057555 87057601 87057948 87057966 87057974 87057976 87057977 87057980 87058102 
87049087 87051169 87051268 87051270 87052078 87052099 87056153 87057537 87057562 
87049087 87053563 
87049087 87049099 87049103 87049369 87049576 87049581 87049587 87050922 87051169 87051241 87051547 87052090 87052099 87052106 87052382 87052422 87052424 87052429 87052436 87052438 87052440 87052477 87052480 87053578 87053593 87053607 87053623 87053638 87053728 87055090 87055111 87055114 87055124 87055273 87055276 87055358 87055360 87056742 87056744 87056762 87056791 87056824 87057513 87057517 87057529 87057536 87057540 87057547 87057551 87057553 87057555 87057562 87057599 87057612 87057940 87057976 87058106 
87049092 87049098 87049310 87049353 87049458 87049466 87049566 87049587 87050059 87052103 87052106 87052416 87052494 87053601 87053605 87053607 87053619 87053625 87053640 87053648 87053662 87053728 87053731 87054693 87054702 87054710 87054724 87054736 87055111 87056152 87056463 87056464 87056738 87056748 87056753 87056762 87056789 87056792 87056793 87056795 87056796 87056807 87056818 87057517 87057536 87057543 87057555 87057601 87057948 87057966 87057974 87057980 87058102 
87049098 87049339 87049369 87053556 87053563 87056152 87056789 
87049098 87049346 87049386 87049589 87050614 87052103 87052272 87053019 87053578 87053623 87053625 87053627 87056152 87056755 87056789 87056790 87056802 
87049098 87049100 87049369 87049408 87051261 87053552 87053573 87053596 87053603 87053606 87053607 87053619 87053622 87053629 87053633 87054724 87055124 87055275 87055372 87056802 87057951 87057952 87057961 87057965 87057966 87057970 87057977 87058104 
87049093 87049098 87049324 87049365 87049369 87049576 87049581 87049587 87050064 87050922 87051255 87051268 87051270 87051547 87052078 87052090 87052099 87052386 87052423 87052424 87052477 87052478 87052495 87053547 87053553 87053556 87053565 87053572 87053573 87053577 87053578 87053579 87053586 87053593 87053600 87053608 87053622 87053623 87053627 87053728 87053731 87054683 87054740 87055111 87055114 87055358 87056153 87056736 87056742 87056772 87056791 87056802 87056806 87056820 87057513 87057537 87057562 87057613 87057966 87058099 87058109 
87049306 87049576 87049581 87049587 87050922 87052074 87052090 87052099 87052424 87052479 87052495 87053547 87053553 87053572 87053573 87053574 87053577 87053578 87053593 87053605 87053622 87053623 87053728 87055114 87055358 87056742 87056743 87056762 87056772 87056797 87056801 87056805 87057513 87057613 87057943 87058099 
87049369 87049589 87052066 87052103 87052272 87053578 87053623 87053625 87053627 87054702 87056768 87056796 
87049306 87050703 87052075 87052423 87052436 87053573 87053577 87053586 87053603 87053622 87053728 87054724 87055364 87056743 87056747 87056820 
87049087 87049369 87056153 87056745 87056795 87056823 87057612 
87049102 87052046 87052432 87054707 87057560 
87050917 87050918 87052436 87056762 87057513 87057517 87057540 87057547 
87049087 87050703 87051169 87051261 87052058 87052062 87052442 87054736 87055111 87056742 87056801 87056828 87057517 87057951 87058109 
87049087 87049369 87050029 87050482 87050701 87051255 87052386 87052478 87053573 87053574 87053603 87053604 87053605 87053609 87053614 87053622 87053655 87053727 87054672 87054736 87055092 87056151 87056753 87057613 87057970 87057975 87058106 
87049087 87049103 87049369 87050703 87051169 87051261 87052062 87052066 87052075 87052090 87052422 87052429 87052438 87052439 87052440 87052442 87053571 87053573 87053574 87053578 87053603 87053604 87053605 87053607 87053609 87053630 87053638 87053728 87054736 87055111 87055124 87055276 87055360 87055361 87055770 87055773 87055776 87055779 87055783 87055784 87055787 87055789 87055795 87055797 87056742 87056745 87056792 87056795 87056801 87056823 87056828 87057517 87057529 87057536 87057547 87057551 87057555 87057599 87057612 87057970 87057976 
